1000 7 0
2 19.2502 -99.2512 1 6000 1 1 1 8
3 19.2502 -99.1499 1 7000 2 1 1 8
4 19.1503 -99.2500 1 7000 2 1 2 7
5 19.2505 -99.1493 2 11000 1 1 1 8
6 19.1488 -99.1497 1 6000 2 1 2 3
7 19.3499 -99.1496 1 5000 1 1 1 3
8 19.2509 -99.2506 2 13000 2 2 2 7
9 19.2513 -99.1489 1 6000 1 2 2 6
10 19.3498 -99.1496 1 9000 1 1 2 2
11 19.3506 -99.1504 2 7000 1 2 1 2
12 19.2497 -99.1489 1 8000 2 1 1 8
13 19.2503 -99.1497 1 4000 2 1 1 3
14 19.3505 -99.3505 1 4000 1 1 1 3
15 19.1501 -99.2481 2 6000 1 1 1 4
16 19.1500 -99.2523 1 9000 1 2 2 1
17 19.1490 -99.2506 2 12000 1 1 1 3
18 19.1512 -99.2496 2 13000 2 1 2 6
19 19.3491 -99.1502 2 7000 2 2 2 3
20 19.1498 -99.1502 2 11000 1 2 2 3
21 19.3512 -99.2489 1 9000 1 1 2 1
22 19.2493 -99.1501 2 8000 2 1 2 4
23 19.3485 -99.1490 2 7000 1 2 1 7
24 19.2494 -99.2481 1 4000 2 1 2 7
25 19.2503 -99.1491 1 5000 2 2 1 8
26 19.1504 -99.2502 1 5000 2 2 2 4
27 19.2502 -99.1496 1 10000 1 2 2 5
28 19.2489 -99.1517 1 9000 2 1 1 4
29 19.2504 -99.2494 1 4000 2 2 2 7
30 19.2503 -99.2508 2 3000 2 1 1 8
31 19.3491 -99.1499 1 6000 1 2 1 7
32 19.3495 -99.1491 2 8000 1 1 2 7
33 19.1500 -99.2490 1 8000 2 1 1 6
34 19.3503 -99.2487 2 7000 1 1 1 7
35 19.2505 -99.1519 2 7000 2 2 2 4
36 19.1490 -99.2493 1 10000 2 2 1 8
37 19.2490 -99.2503 1 7000 2 2 1 7
38 19.1493 -99.2501 1 3000 1 2 1 1
39 19.3498 -99.2493 2 7000 2 2 1 2
40 19.2500 -99.1509 2 5000 1 1 1 2
41 19.0493 -99.3495 2 7000 1 1 2 6
42 19.2481 -99.2492 1 6000 2 1 1 5
43 19.1507 -99.2503 2 8000 2 2 1 2
44 19.2502 -99.1495 2 9000 1 2 2 7
45 19.3498 -99.1511 2 6000 2 1 1 8
46 19.2494 -99.2506 1 10000 2 1 2 3
47 19.3495 -99.1497 2 6000 1 2 1 5
48 19.3496 -99.1512 2 9000 2 1 1 8
49 19.3515 -99.1500 2 7000 2 2 1 2
50 19.3506 -99.1499 1 8000 1 1 2 8
51 19.2505 -99.1506 1 5000 2 2 2 1
52 19.3506 -99.2510 1 9000 1 2 2 5
53 19.2494 -99.1502 2 7000 1 1 1 6
54 19.2503 -99.1501 1 9000 2 1 1 7
55 19.0502 -99.2506 2 9000 1 2 2 2
56 19.3498 -99.1498 1 7000 2 2 2 4
57 19.1478 -99.2500 1 10000 2 1 1 8
58 19.4493 -99.1497 2 7000 2 1 1 8
59 19.2490 -99.2506 1 8000 1 1 2 6
60 19.2498 -99.2518 2 5000 2 1 1 3
61 19.2483 -99.2505 1 7000 1 1 1 3
62 19.0508 -99.2493 2 6000 2 1 1 4
63 19.4507 -99.2514 2 3000 1 1 1 1
64 19.3501 -99.2505 1 5000 2 2 2 3
65 19.2478 -99.1490 1 10000 2 1 2 1
66 19.1499 -99.2496 2 11000 1 2 1 3
67 19.2505 -99.2509 2 8000 1 2 1 8
68 19.3507 -99.1487 1 10000 1 1 1 3
69 19.1503 -99.2490 1 11000 1 1 1 5
70 19.3504 -99.1503 2 8000 1 1 1 7
71 19.2515 -99.2481 1 4000 3 2 1 7
72 19.3494 -99.2514 2 7000 1 2 1 2
73 19.1497 -99.2498 2 7000 2 1 1 6
74 19.2507 -99.2499 2 10000 1 1 1 3
75 19.2496 -99.2499 2 8000 2 1 2 7
76 19.2507 -99.1511 1 7000 1 2 1 4
77 19.2500 -99.1494 2 7000 2 2 1 1
78 19.1487 -99.2501 2 7000 1 1 1 5
79 19.3493 -99.2496 1 10000 1 1 2 7
80 19.2505 -99.1491 1 6000 1 2 2 3
81 19.2509 -99.2511 2 8000 1 1 1 6
82 19.2497 -99.1497 2 9000 1 1 1 5
83 19.2509 -99.2515 1 9000 0 1 1 8
84 19.2486 -99.2498 2 10000 1 2 2 2
85 19.1495 -99.1513 2 5000 2 2 2 5
86 19.2504 -99.2486 1 5000 2 1 2 6
87 19.2480 -99.2501 2 6000 1 2 1 3
88 19.2483 -99.1506 2 8000 2 2 1 1
89 19.1492 -99.1499 2 3000 1 1 2 1
90 19.2516 -99.1489 2 6000 2 1 2 2
91 19.1508 -99.2497 2 7000 1 1 2 5
92 19.1509 -99.2515 2 9000 2 1 2 4
93 19.2479 -99.2516 1 7000 1 1 1 3
94 19.1515 -99.2517 2 6000 1 2 1 5
95 19.3505 -99.2501 1 10000 3 1 2 6
96 19.3492 -99.2495 1 7000 1 2 1 3
97 19.3506 -99.2506 2 4000 1 1 2 5
98 19.2502 -99.2507 2 9000 2 2 1 3
99 19.3495 -99.2510 1 8000 2 2 1 2
100 19.3506 -99.1501 2 8000 2 1 1 6
101 19.2501 -99.1504 1 9000 2 2 1 1
102 19.1513 -99.2490 1 7000 1 1 1 7
103 19.2505 -99.2499 1 6000 2 2 1 5
104 19.3499 -99.2515 2 8000 1 2 2 7
105 19.2491 -99.2507 2 6000 2 1 2 1
106 19.2511 -99.1494 1 7000 2 2 1 5
107 19.3506 -99.1494 2 11000 1 1 1 8
108 19.1493 -99.2509 2 8000 1 2 2 5
109 19.1499 -99.2492 2 10000 1 2 1 8
110 19.1517 -99.2511 1 5000 2 2 2 5
111 19.2502 -99.2492 1 6000 1 1 2 3
112 19.1490 -99.1502 1 9000 2 2 1 4
113 19.1504 -99.2495 2 9000 2 2 1 2
114 19.3502 -99.2493 2 5000 2 1 1 3
115 19.2518 -99.2495 2 9000 2 1 2 4
116 19.2495 -99.1489 1 5000 1 1 2 7
117 19.1485 -99.1503 1 8000 1 2 2 6
118 19.2494 -99.2493 1 7000 2 1 1 3
119 19.2505 -99.2480 1 5000 2 1 1 6
120 19.3497 -99.2503 1 6000 1 2 2 3
121 19.0499 -99.2495 2 5000 1 2 1 8
122 19.1504 -99.2510 2 6000 2 1 2 8
123 19.2505 -99.1484 1 8000 2 2 2 5
124 19.2486 -99.2501 1 4000 2 2 2 1
125 19.5500 -99.2504 2 5000 2 2 1 8
126 19.1506 -99.1497 2 6000 1 1 2 6
127 19.2497 -99.2493 1 7000 1 1 1 4
128 19.3497 -99.2500 1 11000 1 1 1 2
129 19.1475 -99.1508 1 7000 1 2 2 3
130 19.1513 -99.1502 2 9000 1 2 1 6
131 19.3507 -99.1500 1 6000 1 1 2 5
132 19.1484 -99.2496 1 6000 1 2 2 5
133 19.2496 -99.1502 2 5000 1 2 1 4
134 19.2502 -99.1502 1 7000 2 1 1 4
135 19.3500 -99.1500 1 7000 2 1 1 6
136 19.2485 -99.1507 2 8000 2 2 2 1
137 19.1498 -99.2501 2 10000 1 2 1 5
138 19.3499 -99.1474 2 7000 2 2 2 5
139 19.1497 -99.2500 2 7000 1 1 2 7
140 19.2505 -99.1497 2 8000 1 1 2 4
141 19.0501 -99.2506 2 5000 1 2 2 7
142 19.1501 -99.2499 2 6000 1 2 2 5
143 19.3506 -99.2502 1 9000 1 2 2 8
144 19.2505 -99.1502 2 7000 2 1 2 1
145 19.2496 -99.0508 1 8000 1 1 2 4
146 19.1481 -99.1496 1 8000 1 2 2 2
147 19.1501 -99.2493 1 9000 1 2 2 1
148 19.2505 -99.2488 1 9000 2 2 2 8
149 19.3497 -99.1494 1 10000 2 2 1 4
150 19.2509 -99.2497 2 10000 2 2 2 2
151 19.0507 -99.2508 2 6000 1 2 2 4
152 19.2496 -99.1497 2 9000 1 2 1 1
153 19.2490 -99.2503 1 11000 2 1 2 7
154 19.3498 -99.1493 2 10000 1 2 1 7
155 19.2495 -99.2508 2 7000 2 1 2 6
156 19.2504 -99.1506 1 8000 1 1 2 4
157 19.1491 -99.2486 1 5000 1 2 2 5
158 19.3483 -99.2493 1 8000 1 1 2 3
159 19.3504 -99.1493 1 5000 1 1 2 5
160 19.2486 -99.2488 2 9000 1 2 2 3
161 19.3498 -99.1501 1 8000 2 2 1 4
162 19.2496 -99.2494 1 0 1 1 2 5
163 19.4497 -99.2496 1 5000 2 2 2 2
164 19.2499 -99.2496 2 7000 2 1 2 1
165 19.2490 -99.2500 2 8000 1 2 1 1
166 19.4484 -99.2507 2 8000 2 1 1 2
167 19.1492 -99.1495 1 4000 1 1 2 7
168 19.2510 -99.1501 2 12000 2 2 1 5
169 19.2501 -99.2486 1 11000 2 1 1 7
170 19.3499 -99.2498 2 11000 2 2 2 4
171 19.4500 -99.2509 2 3000 2 1 2 4
172 19.2475 -99.2500 2 6000 2 2 1 2
173 19.2498 -99.2496 1 6000 2 2 1 5
174 19.3491 -99.1498 1 9000 2 1 2 6
175 19.1500 -99.1509 1 11000 1 2 1 3
176 19.3502 -99.1508 2 8000 2 2 2 3
177 19.2501 -99.1501 1 9000 1 2 1 3
178 19.1497 -99.2492 2 9000 2 1 1 5
179 19.3513 -99.1500 1 6000 1 2 1 1
180 19.2484 -99.1505 2 10000 2 1 1 4
181 19.4498 -99.1491 2 8000 1 1 2 8
182 19.2506 -99.2498 2 11000 1 1 1 6
183 19.2493 -99.1490 1 9000 1 1 1 8
184 19.3495 -99.2496 1 7000 2 2 2 4
185 19.1495 -99.1502 1 7000 2 1 2 1
186 19.3499 -99.2489 2 8000 2 2 1 6
187 19.2501 -99.2512 2 9000 2 2 2 8
188 19.3506 -99.1490 1 6000 2 2 1 4
189 19.2507 -99.2500 1 6000 1 1 2 1
190 19.3498 -99.2488 1 4000 1 1 2 2
191 19.4497 -99.1500 2 7000 2 1 2 7
192 19.1510 -99.2503 2 6000 1 2 2 5
193 19.1497 -99.1504 2 9000 1 2 1 6
194 19.2500 -99.1497 1 6000 2 1 1 7
195 19.2509 -99.1505 2 8000 2 2 1 5
196 19.3507 -99.1508 1 9000 2 2 2 8
197 19.2498 -99.1496 1 5000 2 1 2 7
198 19.1500 -99.1500 1 3000 2 1 2 1
199 19.2507 -99.2496 1 10000 1 1 1 8
200 19.2497 -99.1501 2 10000 1 2 1 2
201 19.3512 -99.2504 2 7000 1 2 1 2
202 19.1504 -99.2505 2 7000 1 1 2 7
203 19.3500 -99.1505 2 9000 2 2 1 8
204 19.0483 -99.1505 1 10000 1 2 1 2
205 19.3508 -99.2488 1 6000 2 2 2 4
206 19.2496 -99.2490 2 9000 2 2 1 2
207 19.1495 -99.2503 1 6000 1 2 1 6
208 19.3490 -99.1488 1 8000 1 1 1 2
209 19.3505 -99.2503 1 8000 1 2 1 8
210 19.0503 -99.1500 1 6000 1 1 1 8
211 19.3496 -99.1509 2 7000 2 1 2 3
212 19.2504 -99.2487 2 10000 2 1 2 3
213 19.1520 -99.1507 2 6000 2 1 2 8
214 19.2497 -99.1498 1 6000 1 1 1 6
215 19.2484 -99.2509 1 8000 2 2 2 5
216 19.2493 -99.2493 2 9000 1 1 1 6
217 19.3500 -99.0496 1 8000 1 2 2 3
218 19.1511 -99.2513 2 6000 1 2 2 8
219 19.2489 -99.1500 2 7000 2 1 1 3
220 19.0502 -99.3497 2 6000 2 1 2 7
221 19.0484 -99.1494 1 3000 1 2 2 1
222 19.3496 -99.1521 1 10000 1 2 2 1
223 19.2492 -99.1514 1 6000 2 1 1 8
224 19.1518 -99.1501 1 6000 2 1 2 3
225 19.2500 -99.1509 1 10000 2 2 1 1
226 19.1505 -99.2499 1 7000 2 2 2 3
227 19.3497 -99.1524 2 3000 2 2 1 3
228 19.2498 -99.1502 2 8000 2 2 2 2
229 19.1499 -99.1498 1 11000 2 1 1 2
230 19.2496 -99.2504 2 3000 1 2 1 6
231 19.2490 -99.1492 2 13000 1 2 2 6
232 19.3498 -99.2489 1 7000 2 2 1 4
233 19.2522 -99.2506 2 9000 2 2 2 4
234 19.3493 -99.1502 2 11000 1 1 2 1
235 19.3515 -99.1505 2 6000 2 2 2 7
236 19.2492 -99.2497 1 7000 2 2 2 8
237 19.3502 -99.2514 2 7000 2 1 1 6
238 19.1503 -99.2500 1 8000 1 1 1 2
239 19.4490 -99.1503 1 6000 1 1 1 7
240 19.3497 -99.2510 1 9000 1 1 1 6
241 19.2497 -99.2496 1 7000 1 1 1 8
242 19.2503 -99.2500 2 9000 2 2 2 6
243 19.2491 -99.2488 1 6000 1 1 1 6
244 19.2504 -99.1508 1 9000 1 2 1 8
245 19.2500 -99.1485 2 7000 1 2 2 8
246 19.1490 -99.2495 2 8000 2 1 1 6
247 19.1494 -99.1513 1 8000 2 2 2 2
248 19.2494 -99.1500 1 6000 2 2 1 7
249 19.3507 -99.1495 2 5000 2 2 2 3
250 19.2509 -99.1495 1 11000 2 1 2 2
251 19.2494 -99.2496 2 6000 1 2 2 1
252 19.3498 -99.2508 1 6000 2 2 2 5
253 19.2501 -99.2497 1 6000 1 2 2 1
254 19.3499 -99.1501 2 5000 2 2 1 8
255 19.2488 -99.2502 2 10000 1 2 2 1
256 19.0500 -99.2490 2 6000 1 2 1 8
257 19.2502 -99.1488 2 6000 1 1 2 7
258 19.3498 -99.1507 2 11000 2 1 2 6
259 19.2509 -99.2509 2 8000 2 1 1 4
260 19.2513 -99.2489 1 5000 2 2 2 8
261 19.2501 -99.2503 2 5000 2 2 1 7
262 19.1504 -99.1491 2 6000 2 1 2 2
263 19.2505 -99.2503 1 9000 1 2 2 5
264 19.2493 -99.1495 2 9000 1 2 2 8
265 19.2492 -99.2495 2 9000 1 1 1 8
266 19.2512 -99.2491 2 5000 2 2 1 8
267 19.1507 -99.2501 2 9000 2 1 2 2
268 19.2486 -99.1512 1 7000 2 2 1 6
269 19.1497 -99.1499 1 9000 2 2 2 6
270 19.2512 -99.1502 2 8000 1 1 1 7
271 19.2497 -99.2510 2 12000 1 2 1 2
272 19.3505 -99.2501 1 8000 2 1 1 7
273 19.3503 -99.1507 2 9000 2 2 2 3
274 19.1485 -99.1494 2 8000 2 1 1 7
275 19.3492 -99.0499 2 3000 2 2 2 3
276 19.2488 -99.1500 2 7000 2 1 2 1
277 19.2505 -99.1472 2 5000 1 2 1 6
278 19.2498 -99.1493 2 7000 1 2 1 3
279 19.1490 -99.1507 2 8000 1 2 2 3
280 19.3503 -99.2506 2 11000 2 2 2 4
281 19.0515 -99.1498 1 9000 1 2 2 1
282 19.2502 -99.1490 2 5000 2 2 2 1
283 19.3512 -99.1495 1 7000 2 2 1 8
284 19.2493 -99.2498 1 10000 2 1 1 7
285 19.2480 -99.1481 2 6000 3 1 1 2
286 19.1493 -99.2504 2 7000 2 1 2 8
287 19.4495 -99.2491 1 6000 2 2 2 1
288 19.2496 -99.1510 2 7000 2 2 1 8
289 19.2498 -99.1489 1 7000 2 1 2 1
290 19.2498 -99.1499 2 7000 1 2 2 6
291 19.2495 -99.2496 2 6000 1 2 2 8
292 19.2500 -99.1488 1 5000 1 1 2 1
293 19.1503 -99.1504 2 8000 2 2 2 4
294 19.2504 -99.1502 2 4000 2 2 2 5
295 19.1506 -99.2506 2 8000 1 2 1 5
296 19.2497 -99.1503 2 5000 1 1 1 1
297 19.3496 -99.2496 1 6000 1 2 1 6
298 19.2500 -99.1518 2 11000 2 1 2 7
299 19.2505 -99.1487 1 4000 1 2 2 4
300 19.1500 -99.2495 1 5000 2 1 1 1
301 19.3508 -99.2495 1 8000 1 1 2 7
302 19.2501 -99.1493 1 13000 1 2 1 7
303 19.2498 -99.2500 2 5000 1 2 2 4
304 19.3513 -99.1498 2 7000 2 1 2 4
305 19.2503 -99.2507 2 11000 2 2 2 6
306 19.3513 -99.2487 2 6000 2 2 1 7
307 19.1496 -99.2492 1 9000 1 2 2 7
308 19.1509 -99.1494 1 9000 2 2 1 2
309 19.1506 -99.2498 2 8000 1 2 2 5
310 19.1510 -99.2505 2 10000 2 1 2 5
311 19.2501 -99.2515 1 9000 1 2 1 5
312 19.1514 -99.1492 1 7000 1 2 2 3
313 19.2505 -99.1498 1 7000 2 1 2 5
314 19.1515 -99.2495 2 9000 1 2 1 7
315 19.2512 -99.1494 2 8000 2 2 1 2
316 19.3502 -99.1501 2 16000 1 1 1 6
317 19.2491 -99.1507 1 10000 1 1 1 8
318 19.2497 -99.2503 1 10000 2 1 1 4
319 19.3491 -99.1497 2 7000 2 1 1 3
320 19.1485 -99.1498 2 7000 1 2 1 8
321 19.2504 -99.2506 2 9000 1 2 2 6
322 19.2492 -99.2502 1 8000 2 2 1 6
323 19.2507 -99.1502 1 11000 2 1 2 4
324 19.2499 -99.1502 2 9000 2 1 2 7
325 19.2493 -99.2496 2 7000 1 1 2 8
326 19.2499 -99.2499 1 5000 2 2 2 2
327 19.3509 -99.2496 1 8000 2 2 2 7
328 19.1506 -99.1491 1 8000 2 1 1 6
329 19.1495 -99.1499 1 7000 2 2 1 4
330 19.2499 -99.2500 2 6000 2 1 2 2
331 19.2503 -99.1491 2 7000 1 2 2 5
332 19.3496 -99.2506 1 3000 2 1 2 2
333 19.1508 -99.2502 2 9000 1 2 2 3
334 19.2491 -99.2507 1 7000 1 2 1 5
335 19.4504 -99.2481 2 5000 2 2 2 7
336 19.1495 -99.2503 1 10000 2 2 2 1
337 19.2513 -99.2485 1 4000 1 2 1 7
338 19.1488 -99.1493 1 9000 2 2 2 6
339 19.2479 -99.1499 2 8000 1 1 2 1
340 19.1497 -99.1497 2 10000 1 1 1 6
341 19.3504 -99.2510 2 9000 1 2 2 7
342 19.3502 -99.1508 2 7000 2 1 2 3
343 19.1485 -99.1500 2 5000 1 1 1 6
344 19.3495 -99.1504 2 10000 1 2 2 6
345 19.2490 -99.2495 2 8000 2 2 2 3
346 19.1499 -99.1505 2 6000 1 2 1 7
347 19.2497 -99.1494 1 9000 2 2 2 4
348 19.1497 -99.1515 1 6000 1 1 1 7
349 19.3504 -99.1497 1 4000 2 1 1 4
350 19.1493 -99.2513 2 8000 2 2 2 6
351 19.2505 -99.1500 2 7000 2 1 1 1
352 19.1509 -99.2508 1 4000 1 1 1 1
353 19.0490 -99.2514 2 8000 1 1 1 7
354 19.1506 -99.1485 2 10000 1 2 1 3
355 19.1512 -99.1491 2 11000 2 2 1 4
356 19.3496 -99.2502 2 8000 2 2 1 3
357 19.4502 -99.1498 2 7000 1 1 1 8
358 19.3495 -99.2497 2 8000 2 2 1 4
359 19.2506 -99.2503 1 9000 1 1 1 7
360 19.0493 -99.2513 1 8000 2 2 2 8
361 19.3486 -99.2484 1 8000 1 2 2 6
362 19.1491 -99.1501 1 9000 1 2 1 1
363 19.2506 -99.1498 2 7000 1 2 1 7
364 19.2497 -99.1502 2 7000 1 1 2 5
365 19.4492 -99.1519 2 7000 1 2 2 5
366 19.2495 -99.2499 2 13000 2 2 2 3
367 19.3493 -99.1492 1 11000 2 2 2 8
368 19.2488 -99.1507 1 9000 1 1 1 6
369 19.2484 -99.1511 1 8000 2 1 2 2
370 19.2488 -99.1500 1 8000 2 2 2 8
371 19.2489 -99.1501 2 9000 1 2 2 4
372 19.2504 -99.2511 2 9000 2 1 1 1
373 19.3501 -99.2499 2 10000 1 2 2 3
374 19.1494 -99.1490 2 7000 0 2 1 1
375 19.3488 -99.1492 2 10000 2 1 2 7
376 19.2505 -99.2492 1 8000 2 2 2 1
377 19.3498 -99.1499 2 5000 1 2 1 6
378 19.1504 -99.2506 1 7000 2 2 1 8
379 19.2497 -99.1499 2 4000 1 1 2 3
380 19.2494 -99.2491 2 11000 2 2 2 2
381 19.2515 -99.2479 1 9000 1 1 1 3
382 19.2498 -99.1515 1 12000 2 1 2 7
383 19.1495 -99.1507 1 10000 1 2 1 7
384 19.2520 -99.1501 1 7000 2 1 2 5
385 19.2516 -99.2510 1 7000 1 1 2 2
386 19.1498 -99.2496 1 7000 2 1 1 7
387 19.3503 -99.2499 2 5000 2 1 2 4
388 19.1498 -99.1498 2 9000 2 1 2 3
389 19.2501 -99.1507 1 5000 1 1 1 2
390 19.1509 -99.2493 1 8000 1 1 2 8
391 19.2487 -99.2493 2 6000 2 1 1 5
392 19.1505 -99.1486 2 5000 1 1 2 4
393 19.1500 -99.1505 2 11000 2 2 1 2
394 19.2492 -99.1492 1 8000 3 1 1 3
395 19.1500 -99.1489 2 7000 2 1 2 7
396 19.2487 -99.2515 2 8000 2 1 2 1
397 19.2494 -99.1499 2 8000 2 2 2 2
398 19.1490 -99.1495 2 9000 2 1 2 3
399 19.1510 -99.1491 2 9000 1 2 1 4
400 19.2501 -99.1493 2 6000 2 2 2 8
401 19.1501 -99.2494 1 3000 1 2 1 2
402 19.2490 -99.2490 1 5000 2 2 2 4
403 19.1492 -99.1498 2 9000 2 2 2 7
404 19.1487 -99.2510 1 2000 1 2 1 5
405 19.2493 -99.2509 2 9000 1 1 1 5
406 19.3505 -99.2501 2 11000 2 1 1 7
407 19.1506 -99.1502 1 8000 1 2 2 7
408 19.2503 -99.2496 1 6000 1 2 2 3
409 19.1495 -99.2505 1 5000 1 1 1 4
410 19.4496 -99.2505 2 12000 1 1 1 3
411 19.1498 -99.1499 1 7000 2 2 1 3
412 19.2494 -99.2495 2 7000 2 1 2 3
413 19.4504 -99.1512 1 11000 2 1 1 5
414 19.3503 -99.2496 2 4000 1 1 1 7
415 19.2503 -99.2498 1 8000 1 2 2 6
416 19.2508 -99.2484 1 7000 2 1 2 8
417 19.2504 -99.2496 1 5000 1 2 1 3
418 19.3501 -99.1490 1 2000 1 1 1 8
419 19.1495 -99.2496 2 10000 2 1 2 7
420 19.4488 -99.2503 2 3000 1 2 1 8
421 19.3485 -99.1495 2 9000 2 2 2 2
422 19.2503 -99.2506 2 12000 1 2 1 6
423 19.1499 -99.2493 2 11000 2 2 2 8
424 19.3503 -99.2501 1 9000 1 1 2 7
425 19.1506 -99.2487 1 8000 2 1 2 7
426 19.1496 -99.1502 2 8000 2 1 2 2
427 19.3501 -99.1502 2 5000 1 1 2 1
428 19.2500 -99.1507 1 7000 1 2 1 1
429 19.2492 -99.1502 1 7000 2 1 2 6
430 19.2501 -99.1520 1 9000 1 1 2 5
431 19.1499 -99.2497 2 7000 1 2 1 2
432 19.1498 -99.2494 1 7000 1 1 2 8
433 19.2491 -99.2493 2 9000 1 1 2 7
434 19.2498 -99.2511 1 10000 1 1 1 2
435 19.2507 -99.2502 1 10000 1 2 2 8
436 19.1491 -99.1498 1 8000 2 1 1 1
437 19.2501 -99.2485 2 6000 1 1 1 1
438 19.0493 -99.1506 2 7000 1 1 1 5
439 19.2505 -99.1509 1 7000 2 1 1 6
440 19.2508 -99.2501 1 7000 1 2 2 1
441 19.3492 -99.1497 1 8000 1 1 1 3
442 19.2489 -99.2489 2 7000 1 1 1 5
443 19.0495 -99.2508 2 9000 2 2 2 3
444 19.2502 -99.2496 2 8000 3 1 2 8
445 19.3520 -99.1489 1 5000 1 1 1 5
446 19.1504 -99.2503 1 4000 1 1 1 2
447 19.2502 -99.1490 1 4000 1 2 1 7
448 19.4501 -99.2502 2 11000 1 1 2 7
449 19.1498 -99.1484 2 2000 2 2 2 2
450 19.4486 -99.2500 2 12000 2 1 1 6
451 19.3497 -99.1505 1 11000 1 2 2 1
452 19.2496 -99.1499 2 6000 2 1 1 8
453 19.1516 -99.2499 2 6000 1 2 2 6
454 19.1490 -99.1491 2 7000 1 1 2 4
455 19.3487 -99.1501 2 6000 1 2 2 7
456 19.2498 -99.2481 2 7000 2 2 1 5
457 19.2501 -99.2490 2 7000 2 1 1 1
458 19.3490 -99.2498 2 9000 1 2 2 5
459 19.3493 -99.2495 2 10000 2 1 2 8
460 19.1498 -99.2523 1 4000 2 1 2 1
461 19.2520 -99.1498 1 8000 1 1 1 6
462 19.2503 -99.2503 1 6000 1 1 1 5
463 19.3493 -99.2493 1 7000 1 2 1 5
464 19.2494 -99.1504 1 8000 2 1 1 3
465 19.2494 -99.2507 1 8000 2 1 2 2
466 19.2490 -99.1485 1 5000 2 1 1 7
467 19.2492 -99.1504 2 8000 1 2 2 8
468 19.3486 -99.2505 2 9000 1 1 2 2
469 19.3500 -99.2500 2 9000 1 2 2 4
470 19.3495 -99.1511 1 9000 1 2 2 7
471 19.2493 -99.1491 2 8000 1 2 2 4
472 19.1505 -99.1505 2 9000 2 1 2 3
473 19.1492 -99.2521 2 12000 3 1 2 2
474 19.1512 -99.1487 2 7000 2 1 1 1
475 19.2502 -99.2492 1 5000 1 1 2 5
476 19.1504 -99.1504 2 8000 1 2 1 1
477 19.3485 -99.2500 1 8000 2 2 2 4
478 19.1512 -99.2499 1 7000 2 1 2 1
479 19.1503 -99.2492 1 6000 2 1 2 4
480 19.2494 -99.1491 1 6000 1 2 1 2
481 19.0498 -99.2491 2 11000 2 1 1 7
482 19.2502 -99.2496 2 7000 1 1 1 1
483 19.2505 -99.1496 2 9000 2 1 2 7
484 19.2499 -99.2510 2 6000 1 1 1 3
485 19.1490 -99.1508 1 10000 2 2 1 6
486 19.1501 -99.1499 1 6000 2 2 2 5
487 19.2504 -99.2503 1 6000 1 2 2 6
488 19.3501 -99.1501 2 4000 3 2 1 8
489 19.3508 -99.2504 1 6000 1 1 1 2
490 19.2499 -99.1500 2 5000 1 1 2 5
491 19.1508 -99.2495 2 5000 1 2 1 6
492 19.3494 -99.1495 2 4000 2 1 1 1
493 19.2509 -99.1480 2 11000 1 1 1 7
494 19.3496 -99.1491 1 8000 2 2 2 2
495 19.1508 -99.2506 2 12000 1 2 2 8
496 19.2495 -99.1499 2 5000 2 2 2 7
497 19.1501 -99.1507 1 9000 1 2 1 3
498 19.2501 -99.1486 2 5000 2 2 2 1
499 19.3500 -99.2497 1 5000 1 2 2 1
500 19.2499 -99.1501 1 6000 1 2 2 2
501 19.2495 -99.2486 1 5000 1 1 1 2
502 19.2482 -99.1500 1 9000 1 1 1 3
503 19.1492 -99.1507 2 7000 1 1 1 6
504 19.2497 -99.1499 2 4000 1 2 1 6
505 19.3498 -99.2514 2 6000 1 1 1 3
506 19.3500 -99.2493 2 5000 2 2 1 4
507 19.2496 -99.2498 1 6000 1 2 1 2
508 19.3492 -99.2497 2 5000 1 1 1 8
509 19.2502 -99.1502 1 6000 1 1 1 4
510 19.4507 -99.2507 1 5000 1 1 1 2
511 19.2494 -99.2510 1 8000 1 2 2 5
512 19.1491 -99.2499 1 6000 1 2 1 8
513 19.3501 -99.1495 2 6000 1 1 1 6
514 19.3496 -99.1500 1 6000 2 2 2 8
515 19.1509 -99.2495 1 7000 1 1 2 4
516 19.2481 -99.1505 2 5000 1 1 1 5
517 19.2502 -99.2509 2 9000 2 2 2 1
518 19.2490 -99.1520 1 4000 2 2 2 5
519 19.2504 -99.1495 1 6000 1 2 1 2
520 19.2488 -99.1506 2 9000 1 2 1 2
521 19.3500 -99.1496 1 6000 1 2 1 4
522 19.3503 -99.1503 2 10000 2 2 1 8
523 19.3491 -99.1500 1 13000 2 1 2 3
524 19.2514 -99.1500 2 9000 2 1 1 5
525 19.2506 -99.2502 1 6000 2 2 1 1
526 19.2496 -99.1499 1 8000 2 1 2 2
527 19.3487 -99.1488 1 9000 1 2 1 7
528 19.1499 -99.2500 2 11000 1 2 1 3
529 19.1501 -99.1493 2 4000 1 1 2 8
530 19.2512 -99.1512 2 7000 2 2 1 5
531 19.3504 -99.2491 2 7000 2 2 1 2
532 19.1491 -99.1503 2 6000 2 1 1 8
533 19.1489 -99.1501 2 9000 1 1 2 8
534 19.3489 -99.2500 1 8000 1 2 2 7
535 19.2499 -99.1506 2 8000 2 2 1 4
536 19.2495 -99.1491 1 8000 1 2 1 2
537 19.2499 -99.1498 2 6000 2 2 2 1
538 19.2489 -99.2499 1 7000 1 2 1 8
539 19.4499 -99.2504 1 6000 2 1 1 4
540 19.1503 -99.2502 2 8000 1 2 2 4
541 19.0507 -99.2492 1 11000 1 1 1 2
542 19.1496 -99.2502 1 6000 2 2 2 8
543 19.2508 -99.2491 2 6000 2 1 2 2
544 19.2493 -99.2495 2 7000 2 1 2 4
545 19.3509 -99.1502 2 4000 2 2 1 8
546 19.4498 -99.2499 1 7000 1 2 2 2
547 19.0502 -99.2513 2 11000 2 2 2 7
548 19.2481 -99.2498 1 7000 2 1 2 6
549 19.2498 -99.1496 1 11000 2 2 1 7
550 19.2512 -99.1498 2 6000 1 2 2 8
551 19.3494 -99.2500 2 6000 1 2 1 4
552 19.3502 -99.1481 2 8000 2 2 2 6
553 19.3504 -99.2498 1 8000 2 1 2 8
554 19.1485 -99.2509 2 9000 1 2 2 4
555 19.2493 -99.1495 1 6000 2 2 1 2
556 19.2522 -99.2514 1 5000 2 1 1 5
557 19.0511 -99.1493 1 7000 2 1 2 8
558 19.3505 -99.1501 2 8000 1 1 2 1
559 19.2503 -99.0486 2 11000 2 2 1 1
560 19.2497 -99.2493 2 11000 1 2 1 4
561 19.2508 -99.1507 2 6000 2 1 1 1
562 19.1502 -99.1507 1 10000 1 1 1 5
563 19.2502 -99.2509 1 11000 2 2 2 2
564 19.2516 -99.1513 1 7000 2 1 2 2
565 19.2496 -99.0504 1 8000 2 1 1 8
566 19.1510 -99.2497 1 10000 1 2 1 7
567 19.2494 -99.2498 2 10000 2 1 1 8
568 19.1500 -99.1507 2 6000 2 1 1 4
569 19.0502 -99.1508 2 8000 2 2 1 5
570 19.3505 -99.2513 1 5000 1 1 2 8
571 19.1501 -99.1498 2 5000 2 2 2 5
572 19.2511 -99.1482 1 4000 1 1 2 4
573 19.1523 -99.2498 2 6000 2 1 2 1
574 19.2496 -99.1492 2 6000 1 1 2 8
575 19.2525 -99.2515 1 5000 2 1 2 4
576 19.2499 -99.2502 1 8000 1 1 1 5
577 19.0493 -99.1510 2 6000 2 1 1 7
578 19.1500 -99.2485 2 7000 1 1 2 2
579 19.2501 -99.1497 2 7000 2 1 1 2
580 19.3505 -99.2502 2 7000 2 1 1 8
581 19.2492 -99.1506 1 5000 2 1 1 8
582 19.2512 -99.1502 1 4000 2 1 1 7
583 19.2492 -99.1514 2 9000 2 2 1 2
584 19.3500 -99.1505 2 8000 1 1 2 4
585 19.1497 -99.1496 1 6000 1 2 1 7
586 19.1512 -99.2487 2 7000 1 2 2 2
587 19.3492 -99.2505 1 4000 1 2 2 5
588 19.3486 -99.2512 1 8000 1 1 2 2
589 19.1513 -99.2489 1 7000 2 2 2 6
590 19.2510 -99.1500 1 6000 1 1 1 4
591 19.3497 -99.1495 2 5000 1 2 2 1
592 19.1499 -99.1488 2 8000 2 1 2 6
593 19.2492 -99.1499 1 6000 2 1 1 2
594 19.3493 -99.1504 1 8000 1 2 1 4
595 19.2491 -99.1499 1 8000 1 2 1 2
596 19.3500 -99.1497 2 8000 1 2 2 6
597 19.2506 -99.2486 2 7000 1 1 1 3
598 19.4515 -99.1510 1 6000 1 2 1 5
599 19.1505 -99.2487 2 6000 1 2 2 4
600 19.1508 -99.2494 1 12000 1 1 1 8
601 19.2502 -99.2504 1 8000 1 2 2 3
602 19.1487 -99.1493 1 6000 1 2 2 1
603 19.2506 -99.1491 2 8000 1 2 1 7
604 19.2501 -99.1506 2 7000 1 1 1 4
605 19.3502 -99.2509 1 6000 2 2 2 1
606 19.3498 -99.1511 2 3000 1 1 2 7
607 19.2496 -99.1493 2 5000 2 2 2 7
608 19.1499 -99.1491 2 12000 1 1 2 4
609 19.2490 -99.2496 2 4000 1 2 1 4
610 19.3493 -99.1490 2 5000 2 1 1 5
611 19.0489 -99.1506 1 7000 1 2 2 7
612 19.2496 -99.1509 2 6000 2 2 2 8
613 19.3504 -99.2519 2 9000 2 2 2 2
614 19.2495 -99.2475 1 10000 2 1 1 1
615 19.1504 -99.1510 1 8000 2 1 1 7
616 19.2511 -99.2499 2 7000 2 1 2 5
617 19.2489 -99.2498 1 11000 1 1 1 6
618 19.2488 -99.2490 2 6000 1 2 1 5
619 19.2501 -99.1507 2 6000 1 1 2 1
620 19.3502 -99.1499 1 3000 2 1 2 3
621 19.1492 -99.1494 2 3000 1 2 2 5
622 19.3486 -99.1511 1 8000 2 1 1 5
623 19.2503 -99.2512 1 10000 1 1 1 6
624 19.2490 -99.2497 1 8000 2 1 1 3
625 19.4504 -99.1501 1 7000 2 2 2 4
626 19.2495 -99.2502 1 8000 2 1 2 5
627 19.3496 -99.2515 2 8000 1 2 2 8
628 19.2484 -99.2511 1 5000 2 2 2 5
629 19.3500 -99.1503 1 4000 1 2 2 6
630 19.3502 -99.2500 1 7000 1 1 1 6
631 19.2505 -99.1493 1 8000 2 1 1 4
632 19.3505 -99.1501 2 10000 1 2 2 1
633 19.2501 -99.1488 2 6000 1 1 1 1
634 19.2486 -99.1489 2 5000 1 2 1 6
635 19.1497 -99.2487 1 11000 2 2 1 5
636 19.2502 -99.1509 1 10000 2 1 2 6
637 19.3495 -99.1490 1 4000 1 2 1 6
638 19.2493 -99.2498 2 7000 2 1 2 2
639 19.2487 -99.1495 2 11000 2 1 2 6
640 19.1505 -99.1497 1 6000 2 1 2 8
641 19.2499 -99.1498 1 8000 2 1 1 8
642 19.3495 -99.1508 1 10000 1 2 2 8
643 19.2483 -99.2498 2 7000 1 2 2 2
644 19.2506 -99.1488 1 6000 1 2 2 3
645 19.2476 -99.1497 1 6000 1 2 1 8
646 19.3498 -99.1497 2 8000 2 1 2 1
647 19.2493 -99.1503 1 4000 2 2 2 2
648 19.3495 -99.2502 1 11000 1 1 1 4
649 19.2502 -99.1498 1 9000 1 2 2 6
650 19.1495 -99.2509 1 11000 2 1 2 5
651 19.3499 -99.2488 2 4000 2 2 2 8
652 19.1507 -99.2503 2 6000 2 2 1 7
653 19.2494 -99.1497 2 8000 2 2 2 8
654 19.2498 -99.1488 2 3000 2 1 1 5
655 19.2501 -99.2507 2 10000 2 2 1 3
656 19.4497 -99.2509 1 10000 2 2 1 5
657 19.2493 -99.1500 1 3000 2 1 1 8
658 19.1485 -99.1502 2 7000 1 1 2 8
659 19.3492 -99.1510 2 9000 1 2 2 1
660 19.1499 -99.3501 1 6000 2 1 2 3
661 19.3512 -99.2501 1 7000 1 2 1 1
662 19.3520 -99.2504 2 10000 2 2 2 6
663 19.3503 -99.1499 1 8000 1 1 1 1
664 19.3505 -99.1518 1 8000 1 1 1 7
665 19.1513 -99.1496 2 9000 1 2 1 4
666 19.2502 -99.2487 2 13000 2 2 2 2
667 19.2495 -99.2499 2 6000 1 1 2 5
668 19.1497 -99.2487 2 7000 1 1 2 4
669 19.2494 -99.2511 1 8000 2 1 1 3
670 19.2507 -99.1509 1 9000 1 1 1 7
671 19.2508 -99.1507 1 6000 1 1 1 6
672 19.1507 -99.1504 2 8000 2 2 2 7
673 19.2505 -99.2495 2 7000 2 2 2 7
674 19.0498 -99.1499 1 8000 2 2 1 8
675 19.2487 -99.3497 2 3000 2 2 1 3
676 19.2511 -99.1501 1 2000 2 1 1 6
677 19.1507 -99.2484 1 6000 2 2 2 7
678 19.2501 -99.1508 1 5000 1 1 2 7
679 19.1498 -99.2499 1 6000 2 2 2 8
680 19.2499 -99.1511 2 8000 1 1 2 7
681 19.3504 -99.1495 1 9000 1 1 1 6
682 19.3508 -99.1503 2 4000 3 1 2 2
683 19.3501 -99.2488 2 7000 2 2 1 4
684 19.2495 -99.2513 1 7000 1 1 2 4
685 19.2481 -99.1488 2 5000 1 1 2 7
686 19.1510 -99.2497 1 10000 2 2 1 8
687 19.2492 -99.2503 2 6000 1 1 1 8
688 19.2512 -99.2504 1 6000 2 2 1 6
689 19.1509 -99.1507 2 10000 2 1 1 8
690 19.2500 -99.2511 2 6000 1 2 2 5
691 19.1494 -99.1502 2 5000 1 1 1 2
692 19.3496 -99.2498 1 8000 2 1 1 4
693 19.1495 -99.2498 2 6000 2 1 1 7
694 19.3509 -99.1496 2 11000 2 2 1 8
695 19.1508 -99.2476 2 11000 2 2 2 5
696 19.1503 -99.2505 1 8000 1 2 1 7
697 19.3491 -99.1503 2 7000 2 2 1 5
698 19.0497 -99.1493 2 2000 1 2 2 5
699 19.2488 -99.2495 2 11000 1 1 2 1
700 19.2497 -99.2509 2 8000 1 2 1 6
701 19.2498 -99.1509 2 7000 3 1 2 8
702 19.2495 -99.2493 2 7000 1 1 1 1
703 19.3477 -99.2497 1 10000 2 1 1 3
704 19.2506 -99.1515 1 11000 2 2 1 3
705 19.3509 -99.1503 1 5000 1 2 2 6
706 19.2493 -99.1482 1 6000 1 1 2 3
707 19.2498 -99.1495 2 11000 1 2 2 7
708 19.2505 -99.1499 2 4000 2 2 1 1
709 19.1488 -99.2504 1 9000 2 1 2 8
710 19.1507 -99.2482 2 8000 1 2 1 3
711 19.1492 -99.1478 2 6000 1 1 2 2
712 19.3495 -99.1506 2 6000 2 2 1 2
713 19.3502 -99.1505 1 3000 2 2 2 3
714 19.2482 -99.1487 1 8000 2 1 1 8
715 19.2504 -99.2509 1 3000 1 1 1 8
716 19.4498 -99.2491 2 8000 1 1 2 8
717 19.2500 -99.2508 1 11000 1 2 1 7
718 19.1489 -99.2500 1 9000 2 2 1 3
719 19.3508 -99.2499 2 8000 2 1 2 3
720 19.2503 -99.1499 2 7000 2 1 1 2
721 19.1509 -99.2497 1 11000 2 1 2 8
722 19.1493 -99.2513 2 6000 2 2 1 5
723 19.1504 -99.2500 2 10000 1 2 1 5
724 19.1504 -99.2495 1 8000 1 1 1 6
725 19.2502 -99.1482 1 7000 1 1 2 4
726 19.4492 -99.2504 2 9000 2 2 2 5
727 19.3506 -99.1506 2 6000 1 2 2 6
728 19.2506 -99.2507 1 6000 2 2 2 6
729 19.2490 -99.1493 2 8000 1 1 2 3
730 19.3503 -99.0492 2 5000 1 1 1 6
731 19.3491 -99.2499 1 7000 1 1 1 3
732 19.0512 -99.1500 1 9000 1 2 2 7
733 19.2489 -99.1486 1 9000 1 1 1 2
734 19.3505 -99.2493 2 9000 2 1 1 3
735 19.3499 -99.2479 2 10000 2 1 2 1
736 19.3506 -99.2490 1 7000 1 1 1 6
737 19.2486 -99.1491 1 5000 1 2 2 2
738 19.1491 -99.2498 2 4000 1 2 2 4
739 19.2508 -99.2489 1 10000 1 1 2 2
740 19.1491 -99.1494 1 12000 1 2 1 8
741 19.3507 -99.1487 2 11000 2 2 2 7
742 19.1484 -99.2499 1 12000 2 2 1 5
743 19.2495 -99.2492 1 6000 2 2 2 6
744 19.2492 -99.2497 1 7000 1 2 2 8
745 19.2497 -99.1496 1 7000 2 1 1 7
746 19.2500 -99.1485 2 10000 2 1 1 7
747 19.1496 -99.1503 1 7000 1 2 1 2
748 19.3517 -99.2482 2 9000 2 1 1 8
749 19.3506 -99.1498 2 9000 2 2 1 1
750 19.2492 -99.2498 2 8000 1 2 1 4
751 19.2503 -99.1496 2 9000 2 2 2 5
752 19.2503 -99.2499 1 2000 2 2 2 2
753 19.1520 -99.2502 2 8000 2 1 1 5
754 19.1510 -99.2500 2 7000 1 2 2 7
755 19.2504 -99.1491 2 6000 1 2 1 1
756 19.1493 -99.2505 1 11000 2 2 1 1
757 19.2506 -99.1493 1 5000 1 1 1 3
758 19.2482 -99.1503 2 9000 2 1 2 4
759 19.2482 -99.1496 2 10000 2 2 1 2
760 19.2510 -99.1510 2 7000 2 1 2 1
761 19.3519 -99.2499 1 8000 2 1 1 1
762 19.1490 -99.2501 2 6000 2 1 2 2
763 19.2504 -99.2489 1 9000 2 1 2 4
764 19.2494 -99.1504 1 9000 2 1 2 8
765 19.2498 -99.1505 2 7000 2 1 2 7
766 19.2504 -99.1500 2 8000 1 2 1 2
767 19.2502 -99.1495 1 8000 2 1 2 1
768 19.2500 -99.1490 1 9000 2 2 1 1
769 19.2510 -99.2509 1 5000 2 1 2 8
770 19.1508 -99.2515 1 10000 1 2 1 5
771 19.2507 -99.1506 1 10000 1 2 2 7
772 19.3490 -99.2502 2 6000 2 2 2 2
773 19.2506 -99.1503 1 9000 2 1 2 6
774 19.1499 -99.2504 1 10000 2 2 1 5
775 19.1500 -99.1510 1 6000 2 2 1 1
776 19.1499 -99.2505 1 6000 1 2 1 7
777 19.1500 -99.2505 2 6000 1 1 1 1
778 19.0511 -99.2508 2 9000 1 1 1 1
779 19.2486 -99.1515 1 9000 2 1 1 5
780 19.2477 -99.2492 1 6000 1 1 2 7
781 19.2501 -99.1490 1 7000 2 1 1 7
782 19.3495 -99.2494 2 7000 2 1 1 8
783 19.2503 -99.1503 2 11000 2 2 1 5
784 19.2491 -99.2500 2 9000 2 2 1 5
785 19.1497 -99.1504 1 9000 2 1 1 5
786 19.2512 -99.1520 2 5000 2 2 1 5
787 19.3502 -99.2499 2 5000 1 2 2 1
788 19.2495 -99.0494 1 8000 1 2 1 3
789 19.2499 -99.2501 1 9000 1 2 1 7
790 19.3502 -99.2504 2 9000 2 2 2 5
791 19.2482 -99.1497 1 10000 2 2 2 1
792 19.3500 -99.2503 1 6000 2 2 2 3
793 19.2514 -99.2499 2 8000 1 2 1 8
794 19.2492 -99.2491 1 7000 2 2 1 6
795 19.2489 -99.1496 1 7000 2 1 1 1
796 19.2487 -99.1487 1 6000 2 1 1 6
797 19.2510 -99.2497 2 8000 2 1 2 5
798 19.2496 -99.1498 2 11000 2 1 2 5
799 19.2509 -99.2491 2 9000 2 2 1 4
800 19.2503 -99.2495 1 9000 1 2 2 4
801 19.1504 -99.1506 1 9000 3 1 2 7
802 19.2515 -99.1496 1 9000 2 2 2 5
803 19.2512 -99.2504 1 11000 2 1 2 2
804 19.2491 -99.2503 2 9000 1 2 1 2
805 19.2513 -99.2493 2 3000 2 1 2 5
806 19.1501 -99.2507 2 7000 2 1 1 1
807 19.2497 -99.2500 1 9000 1 2 1 5
808 19.3510 -99.1495 2 7000 2 2 2 1
809 19.3523 -99.1500 2 5000 1 2 2 8
810 19.2495 -99.1506 2 7000 1 1 2 4
811 19.2521 -99.1499 2 5000 1 2 2 7
812 19.2492 -99.1495 1 9000 1 2 1 7
813 19.0493 -99.2511 2 6000 2 1 1 2
814 19.2514 -99.1493 2 8000 2 2 1 1
815 19.2489 -99.1513 2 5000 2 2 2 7
816 19.2490 -99.2492 2 7000 2 2 1 1
817 19.1500 -99.2493 1 9000 1 1 1 2
818 19.2500 -99.2508 1 7000 2 2 2 8
819 19.2480 -99.1493 2 7000 1 1 2 8
820 19.2509 -99.2505 1 8000 1 2 1 6
821 19.4479 -99.1505 2 7000 1 2 2 5
822 19.2500 -99.2495 2 11000 2 1 1 5
823 19.2506 -99.2483 2 7000 1 2 2 4
824 19.2490 -99.2502 1 10000 2 2 1 3
825 19.2497 -99.1509 1 9000 1 2 2 6
826 19.3488 -99.1502 2 10000 2 1 1 6
827 19.3504 -99.2518 1 5000 1 2 1 6
828 19.2509 -99.1483 2 7000 2 1 1 8
829 19.1506 -99.1505 1 7000 1 1 2 1
830 19.1499 -99.2487 1 7000 2 2 2 3
831 19.2495 -99.2497 2 10000 1 2 1 3
832 19.2502 -99.2486 1 6000 1 1 1 7
833 19.2492 -99.1521 2 12000 1 2 1 2
834 19.2504 -99.2494 2 8000 2 1 1 2
835 19.2511 -99.1498 1 9000 1 1 1 8
836 19.2490 -99.2501 1 9000 1 2 1 2
837 19.3499 -99.1503 2 6000 1 2 1 7
838 19.4503 -99.2498 2 5000 1 1 1 5
839 19.2499 -99.2495 1 11000 1 2 1 4
840 19.1496 -99.1500 1 9000 1 2 2 3
841 19.1497 -99.1510 2 6000 2 1 1 6
842 19.3498 -99.2499 2 6000 2 2 2 8
843 19.3502 -99.2490 2 4000 1 2 1 3
844 19.2495 -99.2502 1 6000 2 2 2 8
845 19.2489 -99.1519 1 12000 2 1 2 6
846 19.2488 -99.2500 2 10000 1 2 1 5
847 19.2496 -99.2502 1 11000 1 1 1 2
848 19.3494 -99.2525 1 9000 2 2 1 5
849 19.2508 -99.1499 1 5000 2 1 2 7
850 19.1488 -99.1495 1 9000 1 2 1 8
851 19.2499 -99.1492 1 7000 2 2 1 7
852 19.1497 -99.2495 1 8000 1 1 2 7
853 19.1491 -99.1508 1 7000 1 2 1 1
854 19.2516 -99.2492 1 6000 0 2 2 6
855 19.2508 -99.1510 2 9000 2 1 2 6
856 19.2503 -99.1488 2 7000 2 2 1 3
857 19.2485 -99.2495 1 6000 2 2 1 4
858 19.2502 -99.1509 2 9000 0 2 2 3
859 19.2496 -99.1511 2 8000 1 1 1 2
860 19.3506 -99.1516 1 7000 2 1 2 6
861 19.3503 -99.2517 1 10000 2 2 2 6
862 19.1497 -99.2496 1 5000 2 2 1 1
863 19.2494 -99.1491 2 7000 1 1 2 6
864 19.2501 -99.2507 1 9000 1 1 2 8
865 19.3497 -99.2486 1 7000 1 2 2 4
866 19.1502 -99.1485 1 4000 2 2 2 4
867 19.2499 -99.1503 2 7000 2 1 1 5
868 19.3485 -99.1488 1 9000 2 1 1 5
869 19.3484 -99.2502 2 3000 2 1 2 5
870 19.3489 -99.1498 2 9000 2 2 2 6
871 19.2495 -99.1502 1 7000 2 1 1 4
872 19.1515 -99.1492 1 10000 2 2 1 5
873 19.1492 -99.0504 1 8000 1 2 2 3
874 19.1504 -99.1502 1 8000 2 1 1 2
875 19.2495 -99.2492 1 6000 2 2 1 6
876 19.3496 -99.2505 2 11000 1 2 1 7
877 19.3493 -99.2502 2 7000 2 2 1 5
878 19.2505 -99.1515 2 7000 1 1 2 2
879 19.5489 -99.2490 1 8000 2 1 2 6
880 19.2501 -99.0507 2 8000 2 1 2 7
881 19.2504 -99.2497 2 9000 1 2 2 8
882 19.2509 -99.2498 1 7000 2 1 2 1
883 19.1490 -99.1496 1 4000 1 2 1 2
884 19.3501 -99.2523 1 9000 2 1 2 1
885 19.2495 -99.2493 2 6000 2 2 2 3
886 19.1494 -99.1490 1 9000 1 2 2 1
887 19.3494 -99.1515 2 8000 1 2 2 6
888 19.3507 -99.1496 1 6000 2 2 2 7
889 19.2498 -99.2510 1 9000 2 1 2 8
890 19.2499 -99.1500 1 12000 2 2 1 1
891 19.1510 -99.2501 1 4000 1 1 2 6
892 19.2502 -99.2515 2 5000 2 2 1 3
893 19.3501 -99.2501 1 5000 1 1 2 1
894 19.2490 -99.2508 1 4000 1 2 1 3
895 19.2485 -99.2504 2 8000 1 2 2 1
896 19.2494 -99.1501 1 7000 1 1 1 6
897 19.3509 -99.2509 2 4000 2 2 2 1
898 19.1505 -99.1501 1 8000 2 1 1 5
899 19.2498 -99.2489 2 6000 1 2 2 7
900 19.3501 -99.2505 1 7000 1 1 1 7
901 19.3504 -99.1499 2 8000 2 2 2 1
902 19.1505 -99.1498 2 5000 1 1 2 4
903 19.3508 -99.2491 2 7000 1 1 2 5
904 19.2483 -99.1498 2 6000 2 2 1 3
905 19.2505 -99.2489 2 5000 1 2 2 2
906 19.2499 -99.2487 1 6000 1 2 1 5
907 19.1496 -99.1494 1 6000 2 2 2 5
908 19.1502 -99.1503 2 7000 2 2 1 6
909 19.1503 -99.2499 2 6000 1 1 2 8
910 19.2497 -99.1513 1 5000 2 1 2 3
911 19.2506 -99.2502 1 7000 2 2 1 7
912 19.2500 -99.2498 2 5000 1 1 2 3
913 19.3497 -99.2494 1 8000 2 1 2 5
914 19.2486 -99.1494 1 8000 1 2 1 8
915 19.2501 -99.2510 1 7000 1 1 1 2
916 19.2491 -99.1502 2 10000 2 2 2 6
917 19.1488 -99.2501 1 8000 1 2 2 1
918 19.3504 -99.2489 2 9000 2 1 1 1
919 19.2491 -99.2506 1 8000 2 1 2 5
920 19.3479 -99.2502 1 3000 1 2 2 7
921 19.2492 -99.1508 1 7000 1 2 2 7
922 19.3501 -99.2507 2 5000 1 2 2 5
923 19.2503 -99.1484 2 8000 2 2 2 6
924 19.4503 -99.1514 2 8000 1 2 2 7
925 19.2502 -99.1512 1 7000 1 2 2 7
926 19.2487 -99.2500 2 7000 2 1 1 1
927 19.2488 -99.2483 2 5000 2 2 1 5
928 19.2492 -99.1495 1 7000 2 2 1 2
929 19.4502 -99.2485 2 9000 2 1 2 5
930 19.2498 -99.2502 1 4000 2 1 2 6
931 19.2506 -99.2501 2 7000 1 2 1 2
932 19.3485 -99.2504 1 7000 2 2 2 7
933 19.3490 -99.2491 2 8000 1 2 1 8
934 19.2493 -99.2487 1 6000 2 2 1 4
935 19.4507 -99.2495 2 8000 1 2 1 8
936 19.1498 -99.1509 1 3000 1 2 1 2
937 19.3497 -99.1487 2 9000 2 2 1 7
938 19.3502 -99.1497 1 8000 2 1 2 7
939 19.1499 -99.1500 1 7000 2 2 2 2
940 19.2493 -99.1492 2 9000 2 1 1 2
941 19.2494 -99.1499 2 9000 1 2 1 5
942 19.3500 -99.2503 2 8000 2 2 1 2
943 19.3498 -99.2494 2 9000 2 2 1 1
944 19.1505 -99.1508 1 8000 2 1 2 1
945 19.3501 -99.2506 2 7000 2 2 2 7
946 19.2507 -99.2498 1 6000 1 1 2 2
947 19.2501 -99.2495 2 11000 1 1 1 6
948 19.2496 -99.2501 2 9000 2 2 2 1
949 19.2494 -99.2503 2 7000 2 2 1 6
950 19.2505 -99.2509 2 10000 2 1 2 1
951 19.2507 -99.2500 2 6000 1 2 2 3
952 19.3500 -99.1504 2 5000 1 1 1 4
953 19.2499 -99.2512 1 11000 1 2 2 7
954 19.2487 -99.2508 1 7000 2 2 2 4
955 19.2499 -99.1506 2 8000 1 2 2 1
956 19.2499 -99.1502 2 5000 1 1 1 8
957 19.2505 -99.1487 1 5000 1 2 1 1
958 19.2500 -99.1513 1 13000 2 1 1 7
959 19.2489 -99.1494 1 6000 2 2 2 4
960 19.3492 -99.2499 1 9000 1 2 2 5
961 19.2496 -99.1511 2 9000 1 2 1 3
962 19.2488 -99.2482 1 5000 2 2 1 8
963 19.3496 -99.2493 2 6000 1 2 2 8
964 19.2487 -99.1514 2 6000 2 1 1 3
965 19.2489 -99.2501 2 7000 1 1 2 5
966 19.3506 -99.2510 2 7000 2 2 1 4
967 19.2497 -99.1498 1 4000 2 2 1 4
968 19.2494 -99.1498 2 7000 2 2 2 6
969 19.3505 -99.1484 1 8000 1 2 2 3
970 19.2497 -99.1494 2 4000 2 2 2 7
971 19.2496 -99.2496 1 9000 2 2 2 5
972 19.2496 -99.1498 1 9000 2 1 2 6
973 19.3505 -99.2508 1 9000 1 1 2 7
974 19.3503 -99.2503 1 10000 2 1 1 1
975 19.2487 -99.1494 1 5000 2 2 2 2
976 19.2498 -99.1501 1 6000 2 2 1 4
977 19.2512 -99.1496 1 9000 2 1 2 8
978 19.3509 -99.2508 1 7000 1 2 2 7
979 19.2491 -99.1508 1 7000 2 1 1 5
980 19.3501 -99.2500 2 10000 2 1 1 8
981 19.3507 -99.2500 2 9000 2 2 2 6
982 19.2495 -99.2495 1 11000 1 1 2 4
983 19.3503 -99.2486 2 8000 1 2 1 7
984 19.3494 -99.1510 2 8000 1 2 1 4
985 19.2507 -99.1510 1 4000 2 2 2 3
986 19.2492 -99.1501 2 8000 2 2 2 3
987 19.2508 -99.1515 2 6000 2 1 1 5
988 19.3518 -99.2508 1 6000 2 1 2 7
989 19.2496 -99.2515 2 11000 1 2 1 6
990 19.3496 -99.1502 2 12000 1 2 2 4
991 19.2494 -99.2507 2 8000 1 2 2 6
992 19.4504 -99.1500 2 8000 2 2 1 7
993 19.3494 -99.2494 1 9000 2 2 1 4
994 19.2498 -99.2490 2 6000 2 1 1 2
995 19.3496 -99.2503 1 12000 1 2 1 7
996 19.2509 -99.1496 1 4000 1 1 1 6
997 19.2498 -99.1481 2 7000 1 1 1 7
998 19.3494 -99.2481 1 8000 2 2 2 6
999 19.2499 -99.1486 1 5000 2 2 1 8
1000 19.3500 -99.2493 1 5000 1 1 1 6
1001 19.2501 -99.2511 2 6000 2 1 1 6
